43
209
174
12
191
199
20
197
111
231
147
208
178
99
151
113
1
224
134
167
130
207
135
182
16
259
150
190
67
221
206
59
264
226
44
65
155
169
248
28
64
81
47
261
254
218
202
145
247
173
227
143
18
62
160
36
122
252
141
163
25
34
189
98
84
104
262
114
107
219
31
164
116
233
179
123
245
238
232
239
185
168
22
73
115
15
45
260
79
128
61
263
54
117
7
237
225
51
265
83
27
126
159
213
242
177
215
241
193
156
234
246
249
52
244
82
58
200
230
17
170
133
60
5
42
131
118
101
30
74
171
91
97
139
204
38
176
154
181
186
14
46
187
140
75
158
211
146
108
172
86
23
70
205
223
11
106
180
26
152
214
127
90
201
2
148
85
258
109
41
255
87
76
194
198
10
256
33
112
137
188
35
250
161
166
240
3
162
235
129
92
24
13
50
37
212
236
96
228
94
257
136
66
144
77
153
95
203
71
32
184
40
175
165
216
183
102
195
6
220
138
19
29
253
157
217
89
21
48
222
63
72
105
4
80
49
243
78
121
57
142
196
53
8
9
229
210
88
55
69
119
56
132
124
192
39
251
68
100
120
93
125
149