211
208
12
109
83
260
81
197
32
96
175
144
262
209
18
217
120
75
190
78
8
82
204
201
181
130
127
240
123
166
177
1
258
131
111
154
132
237
225
218
222
192
148
198
98
213
210
247
58
255
239
246
112
135
188
60
136
146
214
125
140
51
126
101
215
90
49
196
172
104
234
158
232
116
85
86
10
2
226
157
14
87
6
43
191
41
20
203
160
47
141
151
37
77
64
264
163
70
139
100
122
29
257
72
171
245
152
117
25
55
147
88
202
39
38
241
95
250
80
45
169
62
76
121
22
97
28
21
206
185
265
195
92
119
15
5
244
219
52
251
137
74
231
254
256
235
243
99
27
107
229
168
194
176
230
54
178
46
221
68
233
199
164
40
162
3
174
183
30
50
180
193
153
227
16
248
91
102
200
159
26
228
223
56
73
23
69
207
61
42
89
145
35
156
63
149
236
142
13
216
220
53
129
108
124
187
263
48
128
67
105
138
252
189
224
150
9
114
238
261
7
170
165
4
59
253
259
249
113
66
65
34
44
186
93
17
134
173
212
205
71
155
184
11
94
33
19
182
106
84
24
167
133
79
161
179
143
36
31
115
57
242
118